-5.76 -51.83 -34.43 42.66 40.35
-47.14 6.84 37.17 -23.02 -30.83
48.33 33.66 36.98 -1.92 41.20
-39.31 18.64 11.28 30.55 19.92
55.57 -43.80 -37.46 -23.85 35.53
46.67 16.27 11.91 25.59 -16.29
-3.55 27.80 -32.47 14.98 48.69
59.74 -2.58 -63.12 33.98 -15.30
4.11 -36.79 -53.65 29.67 32.47
-37.68 31.36 47.24 -25.38 -6.55
56.68 47.03 21.80 10.38 20.42
-48.07 15.00 24.05 27.54 20.89
38.73 -33.10 -52.24 -17.50 39.13
43.62 2.35 12.37 14.05 -5.04
-3.45 26.57 -48.95 -1.33 47.24
54.08 -1.96 -49.29 28.11 -12.05
9.70 -35.77 -27.98 36.14 34.99
-62.32 44.27 47.09 -28.02 -6.63
55.79 55.13 5.93 1.51 35.34
-49.91 8.91 11.43 25.43 23.02
32.89 -44.59 -57.44 -20.80 37.38
14.95 9.57 23.27 22.91 3.90
-19.21 27.59 -29.56 8.87 38.89
43.21 5.84 -57.60 37.67 -17.28
1.11 -46.15 -41.39 49.21 27.24
-51.31 34.75 28.65 -26.38 -15.53
51.23 61.00 24.50 3.35 30.44
-46.30 12.34 10.32 14.02 15.17
34.65 -37.76 -51.32 -28.60 43.37
40.82 13.93 18.46 0.91 -14.58
-7.48 22.70 -31.69 4.23 47.33
46.07 15.70 -61.33 29.45 -16.23
-9.92 -43.66 -42.50 29.04 44.02
-29.31 9.15 44.01 -39.18 -14.72
45.98 40.63 25.30 15.07 27.71
-44.62 10.48 5.94 18.07 20.30
51.58 -54.51 -46.12 -23.13 49.77
31.15 3.94 24.16 14.77 4.84
-3.33 30.34 -49.92 -7.32 57.81
50.16 10.44 -47.48 39.02 -20.52
-0.68 -35.22 -32.92 20.09 54.04
-35.69 23.96 42.60 -38.28 -14.02
54.63 33.08 22.76 15.48 21.44
-52.22 14.02 4.64 22.55 23.25
32.87 -40.65 -54.05 -17.77 62.29
30.79 7.72 26.02 9.99 -10.82
-0.85 29.11 -29.25 -1.75 49.20
42.48 1.39 -46.85 48.98 -15.90
-21.72 -33.70 -20.43 44.36 54.72
-44.36 27.51 38.28 -42.41 -16.67
39.19 34.79 16.83 -3.69 24.80
-44.05 26.11 -3.06 34.87 6.47
35.93 -56.81 -29.99 -24.20 33.46
31.98 2.74 18.76 28.46 4.58
9.88 31.21 -27.69 2.84 37.41
46.25 11.62 -48.70 34.61 -11.30
2.14 -48.88 -35.54 28.91 38.01
-55.89 28.80 54.26 -13.69 -16.11
56.65 50.05 24.06 -1.59 30.89
-47.67 5.98 1.34 12.71 17.89
56.18 -57.99 -48.16 -15.20 50.36
28.20 -5.99 20.95 14.26 8.44
-11.29 23.63 -45.07 1.95 26.95
54.38 -0.49 -37.37 31.29 -18.93
1.06 -52.13 -33.93 58.27 39.90
-55.97 21.42 36.35 -24.01 -9.69
29.80 47.60 25.74 9.25 25.10
-47.61 4.50 4.38 31.20 7.41
39.83 -49.72 -35.95 -12.72 37.38
48.29 8.08 33.99 -0.38 -4.34
2.75 12.76 -39.64 1.85 49.10
45.63 -7.02 -47.89 36.09 1.24
-11.55 -37.86 -38.37 23.61 24.43
-53.72 7.54 43.13 -37.38 -14.83
44.04 48.66 28.73 -9.19 30.45
-45.42 11.58 25.03 32.13 12.98
49.95 -46.86 -50.76 -33.19 69.58
20.64 12.29 16.62 15.91 -9.04
-2.97 21.41 -18.34 6.64 43.26
50.07 -8.37 -43.55 25.11 -11.80
-9.13 -33.86 -49.28 41.39 37.30
-49.89 40.99 21.49 -37.45 -25.54
43.83 49.16 3.94 1.38 32.93
-64.43 12.01 0.23 33.48 14.42
48.64 -53.98 -42.53 -22.69 51.48
41.97 12.12 25.40 9.86 -16.38
-7.28 17.30 -38.23 11.93 39.21
53.48 -1.25 -64.05 32.86 -15.76
-13.67 -52.97 -35.73 36.59 38.47
-50.07 34.61 54.52 -10.47 -17.63
53.93 48.72 31.83 11.29 16.94
-68.23 7.69 0.42 24.66 14.51
31.89 -48.45 -45.82 -24.45 38.98
25.80 7.89 18.30 33.56 -11.06
-13.31 24.41 -50.15 17.12 46.65
50.77 4.58 -47.38 31.34 -15.98
-7.00 -39.02 -34.30 30.62 52.69
-42.55 21.05 45.57 -26.80 -15.71
51.98 40.05 41.02 5.76 29.86
-45.90 14.10 5.84 13.67 -1.24
51.94 -54.42 -40.14 -10.09 51.97
37.21 -6.38 34.35 12.66 -13.55
-12.09 17.17 -47.95 -0.65 31.43
38.19 3.58 -61.19 21.39 -14.69
-0.67 -37.63 -33.41 38.58 54.81
-42.49 21.11 32.35 -34.73 -12.67
58.57 37.09 23.16 0.31 26.37
-55.14 17.67 5.11 13.84 5.81
44.30 -48.07 -32.72 -18.95 32.00
37.06 9.98 19.18 23.29 -24.00
0.22 27.57 -30.64 9.14 49.04
44.52 -1.62 -51.79 21.88 -15.52
2.12 -44.53 -23.49 20.00 34.00
-58.28 19.89 24.05 -13.72 -21.26
50.04 39.68 25.25 -3.73 27.75
-43.44 10.29 1.54 25.70 38.15
50.31 -51.90 -41.30 -23.54 55.11
32.57 16.54 29.31 21.41 -9.76
-4.10 21.45 -34.92 4.68 45.30
54.40 -4.31 -51.88 31.70 -12.21
-1.39 -35.25 -34.91 21.17 40.44
-30.39 20.52 47.23 -33.60 -17.85
58.54 44.67 34.90 1.35 26.55
-45.97 27.34 -1.22 8.21 7.30
32.11 -54.62 -29.41 -16.30 49.54
25.32 0.21 37.88 3.40 -14.75
-8.49 13.57 -22.42 -3.01 19.20
39.85 -18.57 -42.30 36.90 -7.68
-1.12 -42.95 -44.13 28.69 41.58
-62.74 18.45 46.16 -31.78 -15.93
49.40 48.14 13.79 -2.73 22.47
-59.52 21.59 8.87 18.89 12.17
41.61 -44.89 -34.66 -28.16 40.30
27.43 7.52 30.03 12.79 -7.50
0.44 14.63 -36.15 3.37 45.71
34.36 -0.97 -32.64 52.76 -7.55
-2.66 -25.23 -28.48 42.19 45.02
-56.56 14.07 35.65 -43.43 -13.10
54.24 42.48 29.58 -4.18 33.37
-43.04 17.21 4.67 28.87 17.72
41.02 -39.99 -25.01 -31.48 52.22
41.05 -1.18 30.14 3.30 -18.90
-10.74 29.72 -53.59 -3.96 50.99
73.96 -3.19 -44.96 29.60 -12.03
-1.75 -34.78 -36.56 30.90 43.93
-53.55 26.81 46.47 -26.37 -27.48
47.13 37.96 11.12 9.91 23.40
-56.44 24.69 8.05 35.55 34.90
37.12 -49.89 -34.24 -15.03 54.36
30.25 -2.09 19.86 25.22 -13.60
-9.88 28.07 -36.80 12.53 34.06
71.35 6.91 -64.24 25.90 -15.65
-0.75 -44.23 -40.89 25.56 46.05
-44.55 22.41 38.58 -28.66 -13.09
53.09 55.37 30.39 5.25 38.97
-33.22 29.99 13.47 30.12 -0.57
48.07 -46.06 -40.39 -23.55 54.94
29.98 4.55 20.05 17.61 -5.85
1.61 23.66 -33.01 6.52 37.06
39.41 3.42 -41.83 35.19 -18.56
-8.23 -38.94 -29.03 43.50 33.57
-57.45 25.46 52.15 -49.14 -17.62
50.11 45.41 38.00 4.13 11.67
-39.42 9.15 9.49 16.87 24.19
40.61 -48.42 -36.74 -19.10 52.26
28.59 -2.90 23.66 29.33 -8.64
1.38 31.75 -24.57 8.56 58.60
54.09 -11.21 -54.60 28.61 -30.27
6.69 -47.22 -34.91 21.61 54.41
-42.44 20.07 39.01 -40.23 -12.32
47.27 61.35 23.04 4.77 30.47
-47.97 21.29 16.03 10.88 15.88
35.61 -58.83 -33.42 -28.43 53.83
15.05 4.23 28.30 19.16 -15.99
-8.85 18.11 -35.72 5.39 32.30
41.66 -15.47 -54.89 28.82 -6.55
-14.87 -39.78 -41.57 40.99 47.01
-59.28 17.25 32.80 -37.10 -8.79
33.83 46.52 19.82 7.07 25.25
-40.07 10.68 9.99 22.82 12.31
53.07 -45.24 -39.71 -19.35 47.90
26.99 4.78 37.13 4.44 -21.94
-2.96 27.55 -34.13 6.35 48.99
38.60 5.79 -56.51 37.68 -8.57
-0.54 -39.78 -14.07 37.47 55.94
-47.61 24.69 52.13 -40.67 -15.46
42.86 23.84 15.21 10.51 34.64
-62.35 15.47 5.29 15.36 19.15
31.15 -48.69 -47.86 -25.06 60.31
25.16 0.95 26.43 11.34 -23.96
-0.30 22.01 -37.15 -0.06 40.03
57.00 -3.46 -45.45 46.77 -13.86
-9.62 -44.22 -40.04 32.28 44.51
-48.63 32.26 39.28 -26.84 -20.04
52.99 45.60 33.57 7.69 25.72
-45.51 23.09 13.90 13.97 12.31
52.95 -50.90 -45.77 -27.08 50.83
23.95 -0.74 27.25 31.95 -2.96
2.38 25.94 -33.48 16.56 50.35
55.63 11.89 -56.84 28.24 -9.30
-2.56 -44.19 -37.15 48.70 50.56
-51.59 19.64 42.42 -38.28 -0.36
50.12 33.71 29.06 -0.64 9.72
-59.12 20.37 15.86 27.87 25.89
48.78 -49.20 -30.81 -24.29 49.44
29.63 -3.96 31.35 34.69 -9.24
-11.73 9.19 -46.40 -2.13 42.56
38.51 0.79 -55.18 36.92 -12.63
-5.68 -45.04 -40.52 36.15 40.74
-45.59 25.98 50.58 -29.84 -17.03
70.22 51.48 21.04 8.54 34.92
-42.86 20.84 3.05 29.32 21.50
42.39 -48.57 -45.91 -20.31 42.16
34.81 1.64 32.30 7.29 -3.10
-5.36 26.12 -28.40 15.06 47.14
53.92 -0.44 -46.09 36.83 -25.62
0.93 -41.77 -29.74 30.18 49.32
-51.49 36.58 48.90 -40.70 -12.22
56.43 44.94 32.41 9.44 23.46
-57.21 8.86 12.15 36.15 26.00
44.48 -57.02 -40.26 -19.17 46.19
35.09 5.39 49.35 21.12 -7.41
-17.20 7.64 -42.06 -14.64 41.70
43.65 7.36 -40.51 36.88 -18.92
-21.72 -51.26 -19.44 30.49 46.41
-48.02 25.03 44.03 -19.67 -30.31
58.77 42.25 25.52 1.82 20.56
-44.07 30.60 4.87 28.81 21.34
38.16 -39.97 -39.08 -9.34 55.59
37.50 12.86 36.55 7.22 -17.99
-1.45 41.86 -35.65 9.56 44.45
49.24 5.83 -52.45 42.44 -8.06
-5.54 -42.63 -39.85 26.06 44.98
-39.36 7.89 40.93 -33.89 -9.89
56.06 39.56 27.57 -5.62 31.43
-50.66 18.96 13.57 20.47 14.95
29.23 -43.95 -35.88 -28.52 38.80
33.48 15.03 23.92 16.55 -6.82
-0.96 29.49 -40.68 8.33 52.87
69.55 -3.14 -54.71 34.67 -24.07
-23.94 -36.14 -51.14 42.36 27.10
-41.99 25.02 27.17 -34.68 -12.13
47.00 36.18 23.94 3.59 39.32
-61.51 17.90 11.02 15.60 13.67
37.44 -38.60 -47.87 -24.03 57.74
29.20 5.41 19.42 8.82 -9.74
-7.22 28.30 -31.61 -6.23 33.00
51.88 19.29 -49.65 32.35 -14.41
-6.39 -36.37 -43.21 48.67 44.98
-45.22 13.79 47.55 -9.09 -25.11
59.68 48.62 29.22 15.61 38.15
-32.06 26.57 9.02 25.06 3.36
43.61 -41.30 -45.47 -17.31 55.63
30.86 5.12 33.48 29.69 1.17
14.79 17.93 -37.99 -13.98 39.96
51.11 -2.66 -57.11 36.39 -14.28
-1.25 -49.52 -34.99 35.42 31.34
-48.30 14.78 34.85 -24.78 -5.18
38.65 54.55 20.45 -4.35 -2.29
-46.40 4.67 2.22 1.31 10.07
35.24 -60.35 -32.46 -24.66 42.32
26.79 13.71 18.04 20.53 -15.68
-6.44 33.64 -30.30 6.05 21.17
49.95 -13.55 -59.59 26.18 -11.16
-21.52 -45.06 -48.93 34.12 41.90
-46.26 37.44 30.34 -33.56 -17.62
35.10 61.52 23.92 6.27 15.81
-49.78 30.78 4.50 22.28 15.98
42.94 -56.35 -53.06 -19.87 50.41
28.34 4.97 26.55 23.78 -18.20
-7.97 36.38 -29.36 23.97 38.93
49.10 -5.11 -59.12 35.43 -17.64
2.58 -50.26 -40.81 31.56 42.84
-32.97 38.75 36.99 -36.14 -12.94
47.69 40.20 22.09 2.83 35.09
-61.53 9.39 19.22 20.71 16.27
49.61 -62.52 -27.65 -25.92 49.33
24.32 2.63 13.16 21.07 -3.83
-11.87 32.93 -23.85 3.62 49.97
29.94 6.11 -58.98 34.21 -24.94
-0.02 -45.38 -42.77 39.97 38.84
-57.28 34.72 51.69 -39.59 -8.06
56.63 46.73 27.72 -4.88 11.82
-33.78 20.01 -4.40 12.02 16.20
50.21 -40.51 -41.04 -22.88 60.27
40.93 14.24 31.02 7.50 -20.67
-10.24 38.19 -36.88 5.07 37.05
46.60 1.96 -65.36 30.19 -9.01
-10.50 -47.03 -25.86 34.17 41.06
-51.39 32.70 48.67 -31.48 -10.70
63.46 48.28 24.49 -5.66 23.87
-51.02 26.17 3.99 23.44 14.44
48.74 -49.16 -33.45 -16.21 45.17
35.46 1.52 28.75 26.06 -8.79
-8.28 15.06 -23.43 -4.12 52.85
46.94 -9.48 -56.33 21.32 -23.00
-6.46 -49.25 -40.20 34.01 46.36
-46.50 12.84 31.68 -28.44 -12.53
50.84 38.51 27.85 -11.94 24.69
-60.89 17.06 6.26 28.90 29.77
29.28 -51.64 -32.27 -26.56 53.47
17.47 -8.35 33.67 15.68 -17.26
-13.38 34.46 -36.32 -1.53 36.01
48.79 3.17 -59.81 23.00 -27.14
-5.37 -46.30 -25.55 19.01 31.89
-52.92 25.45 41.97 -25.25 -12.15
49.60 40.55 33.25 13.42 28.91
-35.42 13.72 17.90 14.66 23.83
46.86 -56.99 -50.71 -18.31 51.41
25.30 -1.79 34.49 9.81 -8.45
-9.77 16.39 -29.02 28.75 59.37
27.27 9.09 -61.22 31.92 -26.40
4.94 -40.97 -42.12 25.70 42.36
-48.52 30.92 36.75 -29.02 -16.78
52.77 40.46 40.39 1.08 22.19
-55.05 23.29 10.54 23.08 23.54
35.48 -45.15 -43.22 -21.51 41.41
26.71 5.53 20.51 15.16 -4.69
-33.36 21.72 -36.03 13.96 44.43
42.65 -9.31 -46.69 39.19 -21.86
-13.48 -52.36 -44.11 39.99 42.82
-75.44 10.23 43.78 -36.49 -11.90
47.53 42.11 13.40 -3.26 37.21
-47.04 26.52 4.05 34.00 4.91
43.76 -65.24 -38.60 -23.00 54.26
20.36 10.43 8.00 18.30 -8.58
-9.01 10.45 -17.39 10.16 38.36
42.29 9.04 -51.45 31.37 -3.42
-0.20 -48.50 -26.23 42.23 41.09
-51.81 32.89 44.25 -26.52 -14.04
43.54 47.48 21.72 -13.17 25.70
-40.01 30.09 12.45 34.64 19.16
43.92 -62.51 -45.71 -25.62 50.55
34.39 -0.77 15.01 24.03 -1.97
-12.86 19.65 -41.98 -8.64 37.87
30.79 6.39 -42.80 28.05 -16.32
-13.86 -39.65 -37.21 45.33 35.61
-56.78 27.33 47.17 -25.48 -25.35
56.51 50.55 29.76 10.90 20.07
-53.35 20.69 -7.22 32.63 20.74
48.36 -32.86 -51.63 -10.68 52.81
32.06 -10.19 24.51 20.16 -10.32
-8.31 17.37 -44.40 10.70 47.03
51.92 -6.84 -38.81 26.86 1.70
9.32 -38.28 -39.55 31.58 58.25
-39.17 21.07 65.86 -17.55 -23.93
60.07 53.14 36.29 2.34 27.30
-48.53 18.95 13.27 20.46 17.24
39.59 -41.85 -36.36 -36.08 47.73
24.08 3.06 34.04 14.81 -10.21
-0.85 11.41 -31.03 23.02 32.72
62.40 1.70 -58.07 38.21 -15.67
-14.78 -52.21 -34.26 34.01 23.35
-48.10 27.04 40.14 -41.28 -15.05
23.81 61.89 22.78 20.67 29.61
-51.49 8.21 9.25 8.81 19.51
44.71 -61.40 -29.97 -17.75 39.40
32.67 -6.11 16.19 16.19 -6.70
2.44 17.81 -47.20 0.79 49.74
45.35 21.47 -48.74 33.26 -8.08
-4.26 -47.45 -32.05 39.24 44.60
-55.27 31.10 31.85 -30.24 -22.13
57.06 53.12 21.42 6.20 27.62
-48.76 13.64 13.58 2.44 1.41
42.50 -55.20 -46.48 -12.73 53.26
24.44 9.35 6.47 13.64 -7.82
-19.21 17.36 -33.78 9.41 40.27
43.73 5.23 -68.58 39.82 -15.04
1.74 -46.61 -31.24 38.74 34.64
-44.28 22.87 32.07 -10.03 -9.86
49.26 50.49 17.59 22.99 24.75
-44.11 5.15 8.35 24.70 24.87
31.53 -48.25 -43.98 -15.11 31.69
22.57 9.25 25.56 9.32 -4.29
3.20 14.82 -30.64 12.04 36.65
44.70 -3.06 -33.04 30.78 5.08
4.34 -46.61 -40.72 33.94 44.21
-37.63 21.60 32.85 -21.02 -13.69
42.09 60.76 30.87 -7.36 10.95
-50.01 29.46 2.85 26.73 17.88
44.81 -42.84 -43.54 -7.44 35.40
16.20 1.48 25.56 7.24 -12.03
-14.73 27.30 -22.03 5.65 42.09
49.23 -8.39 -53.02 28.78 -22.30
-9.94 -45.74 -48.97 34.23 33.03
-55.50 22.60 52.06 -31.41 -8.91
45.74 42.66 22.62 -16.62 25.32
-58.58 15.75 -7.25 29.79 25.55
47.86 -46.84 -34.65 -20.83 43.52
44.48 8.83 38.98 23.38 -4.27
-15.56 12.65 -40.70 14.97 46.85
35.92 1.74 -36.88 53.71 -11.45
-6.53 -43.50 -48.48 31.40 36.90
-50.51 12.71 34.21 -29.10 -7.14
33.89 46.03 27.70 -5.98 18.56
-47.62 8.65 12.28 4.89 16.96
57.09 -44.40 -42.65 -18.69 52.64
38.58 3.18 21.37 14.93 1.00
-11.98 16.31 -32.75 -11.13 43.43
39.07 7.41 -37.55 29.20 -29.33
-1.74 -41.36 -49.27 32.88 53.61
-41.64 23.75 47.17 -44.26 -23.48
57.02 59.45 23.26 4.42 20.81
-57.44 4.55 9.18 30.51 19.87
40.47 -48.28 -40.56 -25.27 21.98
44.48 -11.11 21.59 13.58 -1.69
-18.26 6.89 -31.24 7.86 52.98
51.14 -8.35 -45.65 39.51 -11.46
5.70 -50.46 -44.93 51.12 49.23
-49.11 14.09 44.54 -46.83 -15.00
41.73 39.83 40.95 3.43 16.79
-49.58 18.14 4.87 26.57 7.76
46.46 -46.96 -53.16 -35.69 38.26
25.96 2.03 32.71 10.49 -8.83
-19.94 25.08 -39.50 0.67 49.19
48.48 -22.90 -46.36 22.47 -5.56
-3.57 -36.19 -26.44 46.97 43.01
-49.43 19.23 55.93 -37.76 -8.76
49.91 54.19 19.21 8.06 16.75
-47.14 27.00 6.42 10.92 30.66
55.27 -50.64 -50.60 -11.52 35.34
28.72 -14.81 15.73 8.88 -8.43
1.54 32.30 -40.42 -0.68 50.10
57.45 -0.77 -47.96 28.22 -18.69
6.61 -38.81 -26.52 30.57 36.79
-58.21 37.23 42.99 -13.02 -20.55
50.87 58.46 17.70 -8.67 35.09
-40.81 30.77 6.17 16.97 12.51
33.38 -19.81 -32.34 -22.70 54.01
33.00 1.09 18.39 27.46 4.23
-8.15 16.88 -39.88 5.61 51.51
50.02 4.35 -60.32 30.39 -25.43
-1.56 -37.57 -52.16 39.90 41.82
-50.92 16.45 44.13 -22.80 -20.68
52.98 39.15 8.88 8.65 25.05
-54.34 14.36 -8.77 14.13 6.66
38.48 -51.78 -31.72 -18.17 40.17
27.32 -0.80 37.71 10.31 -15.11
-0.23 15.42 -34.30 13.86 42.73
48.89 13.22 -27.08 26.22 -16.77
-15.61 -36.25 -30.33 51.52 55.87
-39.65 12.20 42.52 -21.98 -13.67
35.90 32.42 43.23 -9.85 22.62
-33.95 23.90 10.18 10.10 22.45
31.80 -36.00 -38.59 -29.47 25.89
32.82 4.79 20.51 16.37 -7.27
-21.08 26.45 -47.19 18.15 33.25
37.69 7.96 -43.55 24.44 -18.83
3.36 -35.62 -32.83 25.92 44.33
-53.33 18.54 29.74 -30.08 -19.51
52.72 57.57 29.29 -4.68 18.95
-33.01 24.42 15.50 33.64 23.71
40.43 -30.32 -27.46 -25.31 35.39
23.70 20.61 18.87 21.99 -5.49
0.58 37.27 -34.77 8.05 46.45
44.36 -11.33 -52.57 41.10 -13.63
-3.53 -37.92 -35.64 30.02 45.46
-53.90 8.31 42.39 -28.37 -19.56
52.53 35.42 7.14 13.22 27.86
-45.48 27.33 3.07 13.49 13.06
41.09 -50.06 -34.64 -22.73 42.17
33.98 7.01 21.35 15.61 -21.74
-1.22 22.84 -44.82 15.23 37.30
40.11 -17.14 -53.02 40.06 -8.79
-1.72 -22.17 -50.97 35.04 39.59
-50.16 19.69 47.11 -38.15 -7.26
51.95 43.95 14.90 6.62 22.13
-44.47 10.52 -0.06 24.13 8.96
48.61 -33.23 -42.90 -32.76 49.24
22.83 7.14 31.04 8.58 -6.40
-4.66 20.79 -33.14 -1.16 38.18
44.29 0.19 -46.29 37.05 -22.87
5.98 -48.69 -38.43 48.84 43.09
-65.12 22.97 45.80 -22.51 -12.52
53.23 43.90 12.31 6.63 37.16
-39.65 18.80 13.95 12.72 11.89
50.99 -56.48 -53.29 -28.29 39.20
38.05 14.59 18.77 20.79 -7.75
-9.91 31.87 -31.59 2.44 32.49
40.01 4.74 -53.27 28.34 -17.61
-8.12 -40.43 -40.31 46.32 50.46
-50.82 9.30 44.66 -28.20 -14.28
55.42 46.05 26.47 5.86 29.84
-49.48 17.79 -2.32 20.88 8.02
46.15 -43.99 -30.31 -36.03 35.74
29.22 12.86 39.37 17.62 -9.24
-0.02 7.63 -38.36 20.46 49.79
56.20 -10.97 -48.68 36.67 10.42
-11.21 -32.12 -35.70 36.64 41.94
-58.41 31.60 38.56 -27.00 -19.91
39.23 41.30 16.69 -2.23 16.18
-60.11 25.29 -4.65 12.60 12.36
38.00 -49.97 -44.74 -22.82 53.89
36.36 10.09 21.70 32.45 -11.35
-8.73 27.83 -31.32 24.56 46.07
64.89 -13.34 -39.09 30.61 -24.26
-14.48 -35.45 -29.75 40.40 39.97
-52.25 32.16 40.63 -29.07 -18.45
44.61 52.25 36.72 7.84 21.64
-37.15 8.74 1.05 29.09 12.76
39.47 -70.43 -35.89 -18.78 52.16
24.37 6.55 35.00 6.39 -11.16
-1.23 28.83 -50.41 -1.27 32.05
52.97 10.00 -36.23 43.68 -17.77
9.41 -46.10 -46.18 33.72 36.17
-54.08 34.24 31.93 -14.21 -11.47
53.99 53.74 30.15 13.42 16.01
-54.13 13.12 18.37 23.70 26.33
43.88 -43.95 -38.34 -13.89 30.58
30.85 8.17 19.78 25.96 -13.25
-12.37 31.84 -41.15 -1.34 54.04
51.25 -1.03 -50.01 26.14 -11.09
11.35 -33.38 -42.54 39.00 41.71
-60.46 13.20 42.32 -32.42 -16.13
52.26 45.68 30.01 -2.07 34.45
-56.60 7.45 9.09 17.60 19.09
45.81 -61.65 -37.61 -24.15 53.03
21.10 5.80 31.13 16.01 -0.13
-14.06 19.51 -37.88 9.88 42.49
60.68 -7.31 -46.21 30.60 -16.05
6.54 -39.12 -34.39 36.79 45.55
-52.05 25.18 48.09 -47.85 -10.54
55.74 37.47 21.63 6.19 29.43
-38.22 19.99 7.85 34.61 14.43
40.12 -50.89 -43.23 -24.69 46.39
25.55 -5.95 -0.68 23.51 -6.70
-11.26 27.15 -40.27 11.11 44.64
39.94 -6.13 -63.16 25.33 -14.08
0.62 -47.32 -42.74 31.44 41.23
-43.72 20.36 35.37 -26.88 -11.97
41.06 47.73 33.62 -7.58 11.33
-51.31 27.15 8.30 21.16 9.97
39.85 -41.34 -49.42 -19.34 57.09
24.86 2.97 34.46 22.17 -1.34
-2.23 20.05 -34.32 18.60 48.49
57.94 -3.59 -52.98 34.47 -12.46
-7.44 -56.22 -39.92 34.23 40.50
-49.93 15.59 43.13 -29.51 -17.65
45.26 53.18 40.46 4.49 21.92
-50.05 32.08 15.53 9.88 3.98
29.34 -59.07 -54.20 -10.70 57.88
21.95 18.93 16.72 21.77 -6.10
-0.39 23.75 -39.11 9.04 50.55
50.57 8.61 -34.97 38.97 -8.96
6.03 -43.20 -35.95 33.36 58.38
-45.63 25.81 29.06 -26.79 -10.17
46.28 56.21 11.72 5.54 8.99
-45.05 12.42 6.55 21.91 33.59
42.54 -38.85 -43.00 -4.20 55.08
26.78 0.03 30.47 7.58 -17.08
-12.19 32.14 -24.87 -8.78 39.92
45.90 9.48 -43.00 33.20 -9.21
-10.12 -46.12 -42.23 39.76 44.99
-41.85 24.13 37.61 -22.56 -12.14
57.05 57.71 25.38 0.85 12.90
-40.42 14.22 9.65 29.45 22.21
48.94 -57.95 -41.73 -20.98 36.57
25.98 -4.94 40.79 13.41 1.49
0.30 15.56 -39.30 7.88 31.64
38.19 -16.76 -51.73 34.86 -8.54
-4.83 -43.86 -34.24 44.62 35.87
-39.36 24.54 38.15 -42.87 -16.31
43.11 48.65 13.20 6.39 18.83
-32.17 24.58 3.55 16.28 24.82
68.76 -35.65 -44.41 -23.68 33.38
36.70 7.29 22.91 11.97 -10.24
0.63 15.62 -48.42 10.97 44.88
36.92 -8.25 -38.67 28.46 -17.85
-10.90 -50.11 -39.22 24.18 43.67
-57.76 35.08 42.55 -35.39 -27.94
38.78 45.67 25.32 8.44 11.96
-54.70 11.48 2.12 24.84 15.42
35.09 -43.01 -41.14 -16.61 56.49
33.11 -5.21 28.95 18.79 -8.55
-11.46 26.30 -38.53 4.60 40.01
49.76 -3.27 -57.23 22.47 -15.60
-9.33 -47.90 -30.36 27.52 51.12
-50.46 22.46 33.09 -24.54 -16.11
58.25 66.04 17.48 -3.45 27.05
-42.29 25.45 7.29 12.03 33.11
53.92 -43.88 -46.48 -6.68 43.97
32.73 9.30 35.92 2.18 -20.01
-27.46 7.21 -45.39 11.16 50.67
47.34 15.38 -40.66 32.05 -10.14
0.56 -42.33 -43.26 25.58 43.86
-45.62 42.23 36.43 -41.65 -17.12
49.13 49.66 15.65 3.66 36.43
-27.58 2.04 8.13 13.84 21.79
45.14 -50.49 -21.65 -30.29 49.96
24.97 -3.02 30.65 2.47 -14.39
-17.65 19.87 -34.51 1.96 46.48
44.52 -2.10 -49.01 49.55 -13.57
-16.23 -51.32 -46.28 32.16 64.32
-55.17 26.17 51.69 -27.35 -20.30
42.67 36.77 13.65 11.13 27.38
-47.41 17.82 11.79 19.11 16.71
32.13 -36.88 -52.22 -22.82 48.00
35.84 6.92 26.68 28.66 -4.27
3.15 22.91 -27.68 22.76 50.44
54.50 -1.99 -45.29 34.43 -2.83
-9.00 -42.53 -28.73 31.20 32.14
-34.10 22.57 29.36 -29.49 -10.18
40.88 37.62 24.99 -3.80 15.07
-59.69 24.53 9.67 17.96 17.06
36.60 -53.00 -51.76 -20.24 48.95
29.66 2.92 20.32 9.41 -10.77
-15.91 35.60 -33.78 27.19 38.47
49.24 -10.29 -49.34 42.78 -30.67
-4.02 -49.06 -22.33 36.64 39.64
-42.63 35.46 39.37 -31.75 -9.11
46.66 53.09 33.70 -0.58 19.49
-63.21 15.52 19.37 19.97 30.89
34.04 -52.50 -45.59 -16.14 41.05
35.32 26.44 29.33 9.05 -20.67
-6.17 27.02 -39.88 15.97 43.18
36.01 6.43 -54.40 43.98 -17.67
-2.91 -45.86 -45.89 19.50 55.76
-54.64 31.62 43.71 -16.87 -13.63
57.24 38.10 13.40 9.69 25.24
-49.48 18.19 1.12 32.68 -0.47
39.29 -54.39 -44.16 -25.45 54.06
26.37 15.22 27.37 21.65 -25.63
-18.42 27.33 -33.60 -9.35 35.81
51.54 -6.75 -56.51 40.54 -15.29
10.97 -34.07 -25.69 32.93 35.15
-53.95 23.21 32.12 -39.76 -9.45
37.62 53.64 17.00 20.79 29.98
-53.68 2.10 16.71 25.62 7.53
40.77 -35.87 -37.00 -35.88 37.28
37.16 14.02 25.90 8.21 -14.28
-9.73 11.64 -43.55 3.93 51.20
43.84 -0.63 -52.29 16.94 -11.49
0.99 -37.96 -31.43 29.87 35.93
-56.06 33.47 46.54 -24.91 -11.88
42.83 58.43 28.69 1.35 25.57
-54.27 22.18 23.47 23.38 19.66
37.81 -52.25 -44.54 -18.01 38.72
16.90 -2.32 16.21 12.70 -13.38
-4.05 23.17 -25.43 19.64 49.85
61.67 -8.53 -44.51 35.54 -12.05
-15.84 -54.52 -37.31 52.47 45.71
-51.00 27.92 39.60 -31.42 -14.83
47.06 64.57 20.42 10.23 46.82
-46.42 32.28 8.93 17.59 6.89
49.65 -52.93 -29.85 -34.05 41.80
32.59 -5.03 37.46 9.89 -13.19
1.88 23.72 -39.30 -1.08 44.61
54.34 -1.53 -51.70 40.71 -23.48
-4.89 -49.67 -29.82 31.29 51.04
-66.66 34.64 41.61 -43.79 -18.30
41.99 53.77 14.59 12.63 36.80
-45.85 12.75 13.01 34.43 13.27
33.59 -57.10 -27.49 -24.59 51.90
41.88 -4.36 36.69 -0.42 -19.70
2.40 33.43 -43.54 12.68 48.95
47.53 11.54 -55.85 34.50 -20.65
-3.96 -43.11 -45.81 27.47 47.96
-55.44 17.81 32.16 -23.97 -11.15
48.05 46.48 28.17 8.40 26.43
-38.95 24.99 16.10 23.50 13.54
42.42 -49.82 -39.56 -29.27 19.88
31.26 7.98 32.44 21.74 -18.50
-21.71 27.31 -26.64 14.14 34.21
37.48 1.48 -40.25 32.76 -18.82
-5.99 -45.36 -42.56 29.79 38.67
-45.74 31.07 57.99 -9.54 -15.33
54.55 45.10 13.61 -1.57 27.20
-40.63 22.67 13.36 10.20 18.49
50.34 -52.47 -42.03 -24.06 53.96
28.67 -12.52 22.58 22.97 5.12
5.36 26.46 -34.21 24.12 49.21
49.55 -17.79 -49.91 29.50 -12.68
-6.14 -56.22 -37.23 34.58 42.46
-51.32 28.77 41.18 -24.83 -20.58
53.26 33.58 36.63 -3.81 35.63
-52.94 26.19 14.62 36.66 14.07
50.74 -39.43 -45.18 -23.24 43.95
31.29 -4.92 26.78 18.14 -1.31
5.24 23.54 -38.72 13.08 42.77
37.86 -4.18 -54.56 29.68 -19.25
-3.64 -30.10 -45.89 36.50 57.41
-40.26 13.76 47.30 -34.74 -22.90
56.64 39.68 19.96 1.43 50.30
-37.47 5.79 11.06 17.34 11.52
39.93 -35.20 -40.88 -14.42 40.00
35.96 10.24 20.20 14.16 -11.28
-14.07 30.32 -31.95 -4.92 39.60
58.09 6.18 -60.64 31.05 -18.22
-21.05 -48.06 -48.36 40.82 44.22
-47.24 17.94 49.87 -42.81 -25.42
34.18 65.22 24.20 6.20 24.40
-46.10 13.56 -2.78 24.76 12.26
43.67 -48.89 -40.20 -14.54 54.43
41.57 -2.82 29.19 6.29 -24.22
-24.94 19.91 -40.31 10.48 33.67
44.00 4.84 -50.33 35.85 -24.02
7.66 -49.02 -41.63 26.65 38.50
-46.85 23.43 36.67 -23.44 -16.43
47.84 50.06 31.58 14.39 26.34
-44.56 21.91 0.98 23.57 16.22
36.06 -41.22 -38.15 -31.19 36.24
32.52 6.69 29.63 10.53 -11.61
-22.22 27.06 -39.32 5.55 45.47
36.18 9.26 -43.97 44.81 -12.47
-2.44 -43.41 -45.94 40.11 40.38
-48.82 22.82 37.59 -44.21 -10.12
59.28 46.24 25.13 -2.06 22.59
-64.28 20.24 3.73 27.73 27.65
53.46 -49.99 -46.39 -15.12 53.85
27.59 -3.91 16.59 12.51 -10.22
-19.46 35.98 -45.48 5.11 40.29
47.22 -9.77 -55.51 29.47 -19.25
-6.84 -38.68 -34.47 34.70 47.33
-68.11 28.43 34.73 -26.94 -8.71
56.25 38.63 29.82 10.63 24.01
-51.75 17.62 13.42 12.82 8.12
49.53 -44.55 -32.49 -21.28 44.67
40.71 -3.32 35.30 12.20 -12.80
-12.65 32.19 -25.50 17.09 31.91
59.24 1.76 -46.93 47.74 -14.40
-3.76 -42.85 -46.31 50.07 42.64
-48.47 28.11 50.76 -20.61 -4.47
42.24 40.22 29.27 -2.32 49.06
-47.10 34.66 21.85 24.80 16.40
44.90 -43.54 -44.61 -21.44 42.61
21.13 -6.69 24.13 13.09 -11.34
-10.53 20.43 -36.75 11.44 27.14
38.81 -8.70 -59.78 18.68 -21.86
-2.86 -31.23 -55.80 40.01 36.59
-53.30 35.59 35.40 -35.14 -14.65
51.04 47.47 25.97 4.18 11.53
-44.43 16.67 5.73 25.63 1.04
38.47 -40.80 -44.64 -17.87 45.98
30.19 12.86 11.41 13.57 -7.88
6.97 7.71 -51.19 12.27 41.01
44.81 -10.47 -42.78 28.71 -24.84
5.71 -38.00 -30.25 36.19 43.78
-37.84 31.40 44.85 -26.17 -0.56
45.58 50.90 15.55 -6.73 29.05
-46.02 9.91 10.50 13.92 31.67
35.60 -50.07 -40.71 -29.32 40.21
38.14 -12.90 28.75 33.62 -7.02
-11.61 19.64 -37.41 7.32 30.03
39.52 -1.69 -59.18 32.20 0.82
1.73 -40.24 -46.95 41.58 39.79
-50.82 21.49 54.12 -19.64 -16.30
39.59 55.20 27.43 1.24 28.11
-53.83 11.10 17.21 19.31 23.35
41.40 -52.81 -29.92 -22.09 46.99
31.61 1.64 22.54 10.13 -8.03
4.08 13.59 -29.89 -8.87 43.26
54.08 -9.26 -48.52 36.76 -23.53
2.97 -39.24 -40.17 47.01 46.77
-49.16 26.31 48.02 -27.66 -26.42
50.49 60.74 25.44 5.13 6.15
-40.78 34.22 3.27 18.93 -1.24
40.69 -46.36 -45.61 -7.52 41.97
24.69 5.09 16.27 12.21 -9.93
-14.18 24.49 -22.53 5.67 39.38
57.08 -2.15 -52.79 40.16 -2.57
1.29 -51.80 -42.54 37.62 43.40
-56.32 24.06 21.69 -14.11 -11.70
37.09 50.31 13.09 9.63 17.94
-54.42 38.67 4.19 10.98 9.13
55.64 -37.57 -32.73 -17.35 46.16
29.72 -2.24 26.26 22.86 5.89
-8.46 24.50 -40.02 7.89 46.52
58.25 12.54 -42.95 23.69 -6.73
3.04 -35.72 -31.03 30.84 44.49
-47.66 38.68 40.31 -28.80 -11.78
48.33 49.83 24.38 6.35 47.99
-70.72 15.36 15.24 21.89 26.17
43.32 -57.74 -47.66 -27.40 48.21
35.91 8.87 31.39 -0.50 1.41
-25.03 24.80 -27.69 4.41 31.76
46.30 3.31 -62.34 32.43 -15.77
-21.82 -45.01 -24.87 34.82 30.66
-43.07 18.45 33.00 -22.62 -12.21
56.59 45.12 23.29 1.94 23.40
-51.50 23.95 10.61 23.77 10.88
42.88 -37.60 -48.37 -31.78 41.93
16.38 -13.10 7.71 8.77 -21.57
0.28 16.95 -47.89 7.36 40.66
43.88 -7.72 -54.78 38.86 -3.62
-9.52 -33.18 -34.63 27.11 35.17
-48.59 22.69 39.44 -35.19 -7.99
44.53 45.52 20.25 11.55 34.37
-37.94 31.38 -6.10 38.81 24.09
38.37 -53.92 -37.84 -17.97 41.53
33.70 -4.74 17.67 18.07 -10.92
-7.11 23.64 -44.91 -3.86 48.66
54.04 5.51 -39.82 19.01 -7.52
-11.18 -24.09 -26.72 26.64 38.95
-46.11 20.62 36.89 -32.48 -11.30
45.58 39.46 19.18 -1.67 23.64
-55.55 25.48 4.90 32.65 17.40
35.25 -38.18 -43.60 -16.04 43.31
29.72 10.14 32.68 10.86 -27.86
-3.16 17.10 -31.81 10.04 45.15
47.60 2.30 -46.61 27.45 -6.03
-2.57 -31.59 -45.77 30.19 44.62
-46.19 29.40 39.35 -38.15 -24.36
53.53 45.86 37.42 -6.56 27.14
-45.31 24.25 20.31 17.03 29.16
38.74 -49.19 -43.33 -11.86 30.38
7.25 4.15 24.64 -3.27 -4.21
-3.54 18.48 -44.33 10.79 48.98
63.25 0.75 -57.37 40.14 -27.09
1.60 -45.15 -42.49 38.46 47.05
-47.99 32.68 52.29 -39.25 -19.69
45.11 36.54 26.27 10.69 35.12
-43.17 33.51 18.36 21.91 11.42
41.29 -38.52 -47.85 -20.61 52.04
51.23 0.23 24.23 14.98 -11.79
-5.15 33.44 -56.63 0.51 55.55
55.34 9.50 -59.28 45.93 -20.46
-0.87 -38.33 -42.72 39.56 34.02
-46.55 12.23 46.44 -26.10 -10.44
45.51 47.82 24.31 8.05 32.38
-51.17 34.23 13.70 27.84 19.38
41.24 -56.84 -37.48 -27.50 59.99
19.65 -0.79 28.13 29.64 -2.93
-6.72 7.31 -34.53 4.27 58.17
53.60 7.99 -33.61 31.36 -9.10
-10.62 -41.48 -30.50 32.26 41.12
-33.22 28.47 39.58 -31.58 -17.96
43.52 60.43 25.72 2.07 21.90
-35.57 7.44 17.76 29.15 13.73
44.37 -44.06 -50.38 -20.16 49.55
14.55 -0.45 14.02 20.04 -11.01
-7.82 22.48 -35.18 -5.53 52.96
33.59 1.31 -45.07 40.42 -16.84
3.80 -38.93 -30.82 30.59 38.77
-57.40 30.75 23.49 -17.98 -1.71
57.68 41.71 30.86 10.88 23.68
-47.63 22.13 0.35 23.69 21.06
38.19 -57.70 -49.95 -16.65 51.28
28.34 -2.43 18.19 32.94 -5.05
-1.17 14.93 -43.30 14.42 50.27
44.66 1.15 -35.48 33.21 -14.44
3.82 -53.18 -37.08 44.69 44.33
-70.23 24.98 64.25 -27.27 -16.03
51.54 57.36 28.46 5.07 20.53
-43.95 16.44 -1.46 20.14 12.09
36.74 -46.73 -43.91 -36.26 45.73
35.78 10.35 14.51 14.46 -16.98
-8.74 33.19 -20.37 6.52 33.79
52.13 -7.72 -55.02 35.99 0.98
-0.03 -48.42 -24.95 42.03 43.37
-56.71 37.89 44.90 -25.65 -22.53
65.03 52.94 29.30 1.60 26.89
-58.31 16.16 -1.36 7.39 15.04
39.61 -58.25 -50.18 -23.47 42.90
30.32 -9.72 36.42 14.84 4.96
-7.22 19.74 -25.13 4.36 40.23
53.95 -0.41 -44.40 35.97 -27.85
-15.91 -34.15 -21.66 33.71 44.62
-38.03 35.64 36.43 -31.75 -13.81
53.94 48.15 28.72 -4.16 25.95
-61.85 27.60 -12.07 25.27 4.32
48.24 -40.13 -29.62 -26.76 47.81
17.22 3.42 24.73 9.29 -4.37
-11.19 18.06 -31.90 18.42 51.04
40.00 11.58 -44.17 31.14 -12.78
-14.75 -29.57 -31.88 24.66 34.60
-38.38 23.82 44.15 -29.02 -20.18
56.51 49.06 32.15 6.64 17.83
-61.77 16.20 4.40 17.54 18.20
41.79 -38.10 -40.65 -20.09 43.10
29.05 -5.33 18.96 21.19 1.87
-2.95 22.18 -38.39 -10.28 41.47
52.98 1.38 -54.59 32.46 -27.79
-13.63 -47.41 -35.44 37.89 43.90
-52.71 19.52 46.02 -32.42 -18.02
46.79 52.47 18.34 26.37 27.41
-43.91 27.79 6.65 23.44 18.07
33.29 -53.01 -24.93 -27.22 40.67
32.57 -13.53 14.19 20.20 -10.31
0.71 21.83 -30.51 0.22 27.73
51.24 15.84 -51.11 26.21 -6.29
-6.26 -58.77 -43.62 26.18 44.97
-58.41 28.48 43.48 -34.06 -24.44
37.79 38.44 31.99 -5.88 40.35
-52.53 12.55 -0.93 12.94 20.54
54.33 -40.40 -44.13 -23.44 60.76
35.98 -8.14 21.71 5.76 -11.88
-2.86 28.56 -34.10 -9.23 39.57
52.10 -1.28 -52.72 20.13 -4.29
-5.59 -37.33 -39.40 42.36 22.15
-48.38 33.61 38.31 -41.29 -13.16
58.08 60.75 18.78 9.47 39.84
-47.19 6.30 5.66 18.32 16.47
44.26 -44.80 -23.63 -15.36 51.84
35.64 -8.36 3.13 10.83 -20.39
-14.51 28.79 -38.25 4.30 41.88
47.58 16.02 -55.69 24.10 -18.73
-10.30 -50.60 -35.58 34.12 45.86
-47.24 26.61 37.78 -28.10 -31.96
44.43 47.50 9.87 3.98 4.70
-46.12 9.18 16.79 6.13 10.79
45.58 -51.00 -48.18 -14.83 58.77
23.91 -1.58 14.12 25.11 13.93
-1.35 25.34 -48.81 3.88 60.34
56.23 5.42 -56.80 34.40 -9.36
-12.85 -41.24 -39.69 48.99 45.28
-28.70 11.76 60.81 -36.97 -25.84
50.39 63.68 22.52 5.27 37.77
-53.48 24.45 -5.45 26.84 27.15
52.54 -48.05 -27.34 -15.17 49.10
31.61 20.82 26.75 7.78 -17.47
-10.49 19.11 -24.02 2.68 56.26
41.69 2.35 -47.35 34.50 -12.90
4.95 -50.40 -25.16 45.03 34.60
-43.49 18.65 37.30 -34.66 -3.63
51.60 42.87 37.89 7.55 25.51
-50.87 24.79 1.52 17.12 20.41
45.51 -46.54 -44.99 -27.32 56.52
28.05 12.62 23.73 5.89 -9.29
-20.96 37.81 -37.58 -1.90 44.85
58.31 1.33 -52.86 19.03 -14.84
-20.49 -44.83 -30.18 28.33 41.77
-48.29 36.94 46.17 -19.90 -14.84
32.84 49.47 28.88 -13.53 24.03
-45.46 13.04 1.15 16.61 20.45
63.12 -47.31 -43.22 -18.16 37.30
17.71 6.43 21.85 6.14 -17.18
-2.73 19.13 -48.01 -2.74 38.39
36.02 11.93 -50.03 38.44 -13.59
-0.40 -33.89 -29.12 12.46 36.96
-38.71 6.47 34.53 -22.74 -12.70
63.32 38.90 25.00 20.61 19.73
-52.63 15.05 11.81 4.56 25.39
45.82 -54.34 -36.81 -31.35 46.98
33.79 5.17 21.97 5.03 2.92
-3.26 15.65 -31.87 5.22 38.32
50.31 17.27 -50.58 41.53 -14.40
-17.75 -46.30 -43.15 26.93 57.84
-47.77 26.56 44.34 -37.13 -18.32
49.77 31.58 6.26 4.40 15.05
-47.84 25.35 22.91 13.62 7.73
43.98 -49.10 -27.75 -15.81 30.10
33.94 -6.54 28.36 12.37 -22.63
-8.27 34.28 -47.90 5.28 45.32
40.93 -8.14 -55.35 53.16 -8.13
-6.17 -41.97 -46.34 32.95 40.88
-45.95 32.51 50.80 -17.82 -23.83
41.92 42.48 27.65 2.23 26.71
-53.84 18.99 16.36 27.58 21.76
45.41 -49.90 -35.19 -30.12 44.12
33.80 11.88 20.57 17.06 -4.90
-14.98 21.29 -32.45 7.40 34.04
54.28 7.58 -41.92 34.27 -33.17
0.27 -25.89 -32.14 38.56 50.61
-49.91 39.26 34.91 -39.42 -13.24
32.61 44.73 33.68 8.76 31.52
-58.37 4.62 11.43 16.40 23.27
42.60 -48.73 -45.01 -25.35 47.39
23.59 10.19 32.68 12.88 -17.92
-5.56 30.99 -42.26 -5.33 44.03
52.18 5.76 -60.28 38.10 -3.42
2.19 -41.30 -29.96 27.79 29.24
-44.34 28.53 48.09 -36.27 -12.80
51.51 26.54 28.34 15.00 20.46
-57.92 22.50 6.27 6.96 12.51
39.66 -62.52 -44.54 -35.09 46.03
32.32 15.76 18.52 12.01 5.90
-3.08 17.95 -30.17 12.48 37.81
42.24 -6.57 -31.56 31.07 -4.79
-10.39 -56.78 -31.33 37.26 27.83
-63.30 32.18 52.62 -36.09 -28.17
48.41 50.55 13.11 8.87 22.64
-47.34 10.87 18.32 11.63 19.50
39.58 -49.74 -48.83 -25.98 31.70
37.41 5.12 26.91 16.62 -7.50
-9.78 15.98 -39.10 13.04 43.04
38.57 -1.67 -38.40 31.77 -17.11
0.27 -51.50 -37.14 34.89 49.93
-56.15 40.91 50.97 -53.70 -33.72
55.96 28.75 31.20 11.51 15.13
-41.88 29.68 -2.96 34.29 6.17
37.44 -59.59 -45.92 -14.77 42.80
27.14 6.32 28.85 14.84 -12.80
-19.41 25.15 -40.35 -4.30 31.36
56.93 -15.89 -40.11 38.72 -24.05
-4.84 -48.32 -37.12 26.45 37.64
-53.97 19.60 34.35 -33.97 -12.18
46.09 34.39 9.30 13.72 20.76
-46.75 24.91 1.82 13.13 15.85
42.75 -52.05 -43.01 -21.91 57.32
33.02 -0.31 13.39 11.80 -7.92
-13.67 26.55 -28.16 -3.77 51.89
55.43 12.43 -36.97 20.92 -18.93
-2.45 -48.55 -42.90 53.62 48.14
-40.31 22.97 42.87 -29.68 -13.62
53.94 43.89 24.19 4.11 37.23
-44.97 32.65 13.01 19.96 31.70
41.86 -46.72 -45.00 -22.22 38.24
41.88 -2.95 5.71 11.35 1.32
-9.16 29.13 -26.07 -2.47 45.39
48.06 -14.55 -51.12 41.91 -9.43
